********************************************************************************
                              BP 0
********************************************************************************

Known:
################################################################################

EoS:
a0:        4.04
uv:        1.0  0.0  0.0  
           0.0  1.0  0.0  
           0.0  0.0  1.0  
v0:        16.484816
e0:        -3.36
b0:        0.474316  (76.0)

Elastic Constants
ec (gpa):      114.00       62.00       62.00        0.00        0.00        0.00  
                62.00      114.00       62.00        0.00        0.00        0.00  
                62.00       62.00      114.00        0.00        0.00        0.00  
                 0.00        0.00        0.00       32.00        0.00        0.00  
                 0.00        0.00        0.00        0.00       32.00        0.00  
                 0.00        0.00        0.00        0.00        0.00       32.00  

Computed:
################################################################################

EoS:
a0:        4.018195005956136
uv:        2.0  0.0  0.0  
           0.0  2.0  0.0  
           0.0  0.0  2.0  
v0:        16.465198329763666
e0:        -3.3631836680479
b0:        0.5368178667758453  (86.014719881)

Elastic Constants
Orthorhombic: Ravindran, Fast, Korzhavyi, Johansson 1998
ec (gpa):      124.67       65.77       65.77        0.00        0.00        0.00  
                65.77      124.67       65.77        0.00        0.00        0.00  
                65.77       65.77      124.67        0.00        0.00        0.00  
                 0.00        0.00        0.00       31.54        0.00        0.00  
                 0.00        0.00        0.00        0.00       31.54        0.00  
                 0.00        0.00        0.00        0.00        0.00       31.54  

Elastic Constants
Cubic: Mehl, Singh, Klein, Papaconstantopoulos
ec (gpa):      124.23       66.91       66.91        0.00        0.00        0.00  
                66.91      124.23       66.91        0.00        0.00        0.00  
                66.91       66.91      124.23        0.00        0.00        0.00  
                 0.00        0.00        0.00       28.77        0.00        0.00  
                 0.00        0.00        0.00        0.00       28.77        0.00  
                 0.00        0.00        0.00        0.00        0.00       28.77  


Other Computed Values:

b0 (r):     0.5330138260119868  (85.405195644)
b0 (v):     0.5330138260119869  (85.405195644)
b0 (avg):   0.5330138260119868  (85.405195644)

T melt:     613.5295795852063

