********************************************************************************
                              BP 1
********************************************************************************

Known:
################################################################################

EoS:
a0:        3.23
uv:        1.0  0.0  0.0  
           0.0  1.0  0.0  
           0.0  0.0  1.0  
v0:        16.8491335
e0:        -3.36
b0:        0.430629  (69.0)

Elastic Constants
ec (gpa):       46.80       80.60       80.60        0.00        0.00        0.00  
                80.60       46.80       80.60        0.00        0.00        0.00  
                80.60       80.60       46.80        0.00        0.00        0.00  
                 0.00        0.00        0.00       39.60        0.00        0.00  
                 0.00        0.00        0.00        0.00       39.60        0.00  
                 0.00        0.00        0.00        0.00        0.00       39.60  

Computed:
################################################################################

EoS:
a0:        3.180576687747218
uv:        2.0  0.0  0.0  
           0.0  2.0  0.0  
           0.0  0.0  2.0  
v0:        16.52004859324387
e0:        -3.2651785388226617
b0:        0.31496545485924193  (50.467145467)

Elastic Constants
Orthorhombic: Ravindran, Fast, Korzhavyi, Johansson 1998
ec (gpa):        4.74       63.50       63.50        0.00        0.00        0.00  
                63.50        4.74       63.50        0.00        0.00        0.00  
                63.50       63.50        4.74        0.00        0.00        0.00  
                 0.00        0.00        0.00       42.18        0.00        0.00  
                 0.00        0.00        0.00        0.00       42.18        0.00  
                 0.00        0.00        0.00        0.00        0.00       42.18  

Elastic Constants
Cubic: Mehl, Singh, Klein, Papaconstantopoulos
ec (gpa):       10.94       70.23       70.23        0.00        0.00        0.00  
                70.23       10.94       70.23        0.00        0.00        0.00  
                70.23       70.23       10.94        0.00        0.00        0.00  
                 0.00        0.00        0.00       28.61        0.00        0.00  
                 0.00        0.00        0.00        0.00       28.61        0.00  
                 0.00        0.00        0.00        0.00        0.00       28.61  


Other Computed Values:

b0 (r):     0.27404730427819735  (43.910800237)
b0 (v):     0.27404730427819746  (43.910800237)
b0 (avg):   0.2740473042781974  (43.910800237)

T melt:     598.5911772547992

